Webots Project File version R2023b
perspectives: 000000ff00000000fd0000000300000000000001ca0000039ffc0200000001fb00000012005300630065006e0065005400720065006501000000000000039f0000000000000000000000010000023a0000024afc0200000001fb0000001400540065007800740045006400690074006f00720300000472000000410000011c0000024b00000003000005be000001aafc0100000002fb0000000e0043006f006e0073006f006c006501000001d0000005b00000000000000000fb0000001a0043006f006e0073006f006c00650041006c006c0041006c006c0100000000000005be0000008700ffffff000005be0000017a00000004000000040000000100000008fc00000000
simulationViewPerspectives: 000000ff000000010000000200000114000003950100000002010000000101
sceneTreePerspectives: 000000ff00000001000000030000001e0000013d000000fa0100000002010000000201
minimizedPerspectives: 000000ff00000000fd0000000300000000000001ca0000039ffc0200000001fb00000012005300630065006e0065005400720065006501000000000000039f0000000000000000000000010000023a0000024afc0200000001fb0000001400540065007800740045006400690074006f00720300000384000000410000023a0000024a00000003000005be000001aafc0100000002fb0000000e0043006f006e0073006f006c006501000001d0000005b00000000000000000fb0000001a0043006f006e0073006f006c00650041006c006c0041006c006c0100000000000005be0000008700ffffff000005be0000017a00000004000000040000000100000008fc00000000
maximizedDockId: -1
centralWidgetVisible: 1
orthographicViewHeight: 1
textFiles: -1
consoles: Console:All:All
renderingDevicePerspectives: e-puck:camera;1;1;0;0
renderingDevicePerspectives: epuck:camera;1;0.820513;0;0
renderingDevicePerspectives: epuck:camera_sensor;1;0.658333;0;0
